Enter image dimensions:
Enter image:
Enter sliding window dimensions:
Integral image is:
98 123 220 304 344 391 398 478 540 610 644 739 770 862 905 918 948 951 994 1083 1149 1176 1263 1337 1409 1463 1554 1593 1664 1693 1723 1763 1796 1883 1962 1972 1978 2010 2039 2048 2134 2135 2157 2183 2234 2245 2251 2298 2328 2409
106 163 337 444 567 617 680 857 961 1082 1162 1263 1377 1504 1580 1637 1758 1794 1885 1992 2059 2163 2281 2357 2506 2617 2726 2770 2876 2958 3022 3111 3216 3327 3451 3478 3519 3553 3608 3618 3744 3766 3884 3930 4040 4130 4210 4344 4453 4570
190 256 478 590 758 901 1033 1292 1417 1607 1715 1840 1989 2205 2354 2471 2691 2761 2888 3058 3148 3298 3508 3592 3758 3883 4032 4168 4296 4387 4525 4650 4825 4984 5180 5272 5323 5379 5489 5568 5786 5905 6076 6135 6329 6499 6649 6869 7011 7171
234 339 649 813 1073 1278 1472 1782 2000 2290 2432 2626 2827 3053 3211 3342 3653 3783 3977 4160 4282 4441 4714 4858 5119 5265 5449 5600 5769 5916 6125 6313 6585 6764 6985 7127 7230 7320 7451 7620 7893 8025 8236 8341 8562 8755 8944 9194 9348 9603
318 425 804 989 1304 1585 1795 2144 2396 2709 2908 3109 3366 3620 3789 4009 4349 4574 4780 4989 5156 5388 5673 5898 6216 6389 6666 6872 7064 7257 7480 7766 8121 8319 8554 8757 8946 9048 9274 9530 9844 10058 10313 10428 10741 11020 11295 11579 11753 12081
377 489 902 1104 1508 1880 2110 2546 2864 3182 3476 3716 4073 4379 4591 4882 5225 5546 5806 6096 6305 6552 6892 7198 7531 7727 8052 8292 8576 8835 9060 9359 9767 9975 10256 10463 10662 10828 11088 11350 11696 11912 12189 12360 12771 13135 13448 13789 14031 14458
471 649 1115 1321 1803 2186 2482 3004 3410 3806 4106 4445 4882 5225 5503 5891 6246 6640 6916 7270 7578 7841 8274 8618 8994 9253 9661 9990 10358 10651 10949 11275 11746 12041 12375 12629 12884 13063 13336 13605 13981 14207 14552 14766 15217 15588 15919 16327 16627 17123
512 743 1233 1512 2030 2501 2856 3471 3950 4369 4692 5063 5564 5930 6243 6666 7034 7461 7739 8133 8494 8839 9301 9664 10108 10434 10895 11312 11711 12006 12323 12738 13265 13604 14025 14336 14617 14869 15213 15522 15985 16260 16662 16886 17394 17789 18143 18637 18972 19531
582 895 1477 1765 2296 2846 3289 3997 4563 5074 5469 5914 6460 6913 7253 7741 8168 8609 8949 9384 9797 10168 10676 11075 11609 11977 12535 12995 13399 13753 14153 14604 15214 15621 16114 16506 16788 17089 17498 17813 18328 18669 19152 19463 19996 20400 20765 21342 21771 22408
629 978 1639 2021 2649 3206 3679 4443 5050 5625 6030 6491 7076 7615 7967 8537 9040 9521 9929 10429 10903 11362 11944 12412 12974 13386 14036 14585 15056 15459 15883 16433 17143 17596 18157 18637 18991 19300 19784 20166 20697 21047 21555 21930 22560 23051 23460 24071 24574 25240
696 1107 1829 2265 2943 3504 3989 4804 5472 6052 6520 7037 7656 8267 8647 9231 9779 10322 10765 11317 11793 12290 12899 13424 14070 14536 15219 15840 16338 16835 17298 17944 18713 19187 19829 20371 20771 21145 21693 22093 22671 23068 23635 24041 24719 25300 25759 26423 27023 27751
715 1186 1976 2453 3148 3779 4292 5147 5855 6503 6983 7533 8163 8796 9218 9859 10501 11133 11603 12170 12744 13335 13980 14507 15211 15704 16423 17054 17635 18190 18690 19434 20291 20840 21514 22085 22490 22957 23601 24038 24636 25080 25662 26089 26867 27507 27996 28667 29269 29998
740 1277 2105 2640 3367 4051 4591 5500 6269 6964 7506 8069 8792 9516 10036 10725 11462 12139 12648 13242 13898 14588 15308 15850 16556 17104 17853 18556 19149 19731 20244 20990 21913 22499 23218 23820 24322 24873 25600 26128 26786 27268 27903 28378 29178 29916 30504 31250 31895 32720
814 1354 2230 2845 3665 4423 4992 5950 6736 7514 8113 8696 9457 10222 10755 11445 12241 12959 13534 14139 14852 15578 16354 16915 17681 18258 19015 19795 20459 21056 21617 22460 23456 24044 24829 25479 26017 26610 27393 27983 28671 29219 29929 30491 31345 32098 32689 33477 34144 34998
914 1529 2463 3136 4012 4784 5392 6386 7264 8133 8794 9413 10196 10988 11580 12323 13126 13880 14511 15195 15956 16719 17536 18180 19034 19638 20396 21273 21938 22563 23202 24074 25166 25820 26667 27397 28012 28663 29468 30131 30897 31516 32268 32922 33864 34639 35269 36082 36753 37686
981 1668 2634 3344 4320 5126 5773 6803 7702 8659 9346 10020 10836 11668 12270 13060 13953 14785 15491 16198 17008 17783 18663 19368 20296 20930 21719 22663 23354 24015 24666 25599 26786 27459 28354 29128 29813 30505 31406 32138 32976 33597 34429 35165 36183 36976 37679 38542 39243 40197
1057 1811 2863 3629 4644 5519 6248 7372 8361 9326 10100 10873 11759 12635 13314 14190 15174 16056 16794 17519 18342 19184 20067 20851 21874 22545 23423 24429 25194 25899 26642 27631 28908 29672 30590 31440 32209 32937 33921 34727 35619 36289 37139 37971 39071 39925 40640 41511 42273 43304
1127 1889 2955 3797 4899 5844 6591 7771 8842 9864 10719 11505 12453 13387 14069 14954 16003 16972 17797 18579 19468 20330 21243 22092 23144 23900 24859 25915 26732 27508 28284 29350 30686 31542 32536 33407 34183 34999 36002 36892 37841 38604 39545 40452 41604 42523 43271 44229 45080 46152
1222 2072 3229 4091 5273 6229 7011 8240 9317 10435 11383 12208 13250 14228 14948 15870 16969 17998 18912 19727 20686 21573 22507 23359 24447 25222 26209 27271 28114 28899 29774 30897 32301 33243 34241 35156 35982 36813 37832 38791 39790 40588 41561 42499 43680 44621 45456 46482 47344 48511
1236 2169 3372 4298 5504 6519 7399 8629 9803 11004 11961 12802 13845 14915 15675 16602 17751 18787 19757 20643 21660 22646 23619 24540 25668 26458 27481 28585 29446 30265 31213 32368 33785 34733 35820 36753 37619 38468 39558 40542 41577 42378 43398 44367 45622 46581 47436 48554 49461 50657
1303 2282 3488 4486 5724 6803 7690 8924 10188 11412 12399 13311 14394 15546 16364 17365 18598 19707 20777 21743 22802 23878 24872 25817 26982 27792 28820 30024 30929 31755 32733 33911 35384 36376 37477 38467 39365 40278 41385 42438 43537 44372 45436 46486 47820 48801 49688 50819 51826 53117
1369 2378 3646 4676 5993 7163 8088 9323 10680 11958 13002 13919 15101 16258 17092 18147 19459 20570 21732 22788 23933 25059 26111 27100 28324 29146 30253 31542 32523 33362 34358 35635 37127 38217 39371 40443 41393 42363 43569 44714 45866 46704 47810 48863 50217 51211 52109 53274 54341 55689
1438 2449 3800 4847 6198 7467 8396 9640 11051 12333 13471 14446 15682 16932 17828 18885 20233 21428 22660 23813 24979 26196 27344 28362 29642 30503 31647 33024 34074 34964 35971 37337 38843 39992 41198 42311 43282 44254 45476 46719 47955 48848 49961 51035 52414 53501 54495 55749 56837 58236
1528 2587 4030 5127 6493 7778 8765 10020 11458 12806 14009 15009 16331 17673 18660 19788 21194 22459 23789 24969 26142 27368 28614 29652 31010 31874 33103 34537 35618 36576 37593 38965 40484 41635 42937 44117 45090 46123 47365 48673 50007 50918 52129 53226 54633 55819 56855 58205 59327 60825
1581 2706 4248 5435 6880 8248 9238 10569 12029 13388 14670 15741 17091 18520 19560 20720 22186 23511 24850 26114 27364 28679 30023 31075 32491 33373 34662 36158 37263 38230 39314 40784 42324 43534 44924 46187 47213 48311 49642 51039 52416 53405 54661 55761 57191 58466 59574 60950 62077 63655
1597 2766 4339 5563 7049 8496 9562 10989 12537 13900 15243 16324 17748 19198 20323 21510 23076 24486 25843 27168 28430 29841 31194 32319 33790 34748 36133 37667 38826 39873 40981 42475 44101 45321 46800 48148 49188 50327 51674 53165 54589 55605 56961 58108 59591 60878 62039 63432 64596 66195
1652 2871 4541 5784 7335 8855 9942 11407 13034 14427 15838 16983 18476 19948 21171 22434 24083 25532 26897 28252 29581 30996 32403 33581 35131 36176 37583 39170 40369 41447 42602 44186 45823 47140 48691 50118 51206 52381 53789 55287 56808 57851 59230 60384 61902 63234 64455 65926 67105 68802
1657 2924 4671 5995 7595 9184 10306 11807 13449 14926 16392 17578 19152 20677 21910 23221 24919 26445 27840 29207 30598 32033 33522 34760 36345 37401 38817 40466 41760 42916 44109 45758 47489 48874 50436 51902 52998 54229 55644 57175 58781 59883 61295 62491 64067 65453 66687 68182 69403 71197
1688 3042 4868 6219 7887 9574 10723 12248 13953 15448 16986 18249 19862 21429 22737 24122 25834 27443 28853 30256 31727 33210 34744 36063 37655 38714 40229 41925 43269 44466 45711 47391 49138 50585 52217 53749 54863 56103 57590 59147 60840 61998 63458 64672 66302 67734 69012 70553 71791 73592
1777 3161 4988 6434 8200 9984 11189 12811 14571 16076 17652 19003 20715 22311 23692 25146 26868 28537 29961 31418 32923 34469 36046 37415 39105 40223 41760 43536 44963 46183 47430 49201 51030 52516 54221 55767 56927 58211 59763 61379 63095 64320 65851 67150 68806 70266 71608 73212 74457 76290
1864 3260 5092 6597 8426 10262 11523 13167 15027 16580 18185 19614 21417 23066 24475 25935 27688 29365 30838 32387 33947 35582 37246 38680 40399 41612 43239 45021 46514 47777 49052 50844 52697 54271 56025 57664 58922 60286 61891 63604 65348 66591 68137 69456 71140 72661 74065 75694 77031 78909
1942 3347 5230 6784 8635 10486 11802 13456 15366 16984 18673 20141 21952 23658 25120 26651 28440 30186 31676 33231 34826 36510 38189 39696 41462 42680 44377 46237 47762 49051 50398 52269 54186 55840 57682 59350 60648 62039 63725 65488 67317 68602 70241 71653 73380 74941 76422 78114 79458 81408
1947 3364 5299 6936 8816 10764 12109 13861 15825 17473 19184 20705 22581 24302 25851 27403 29289 31049 32630 34208 35859 37625 39378 40947 42732 44047 45798 47671 49271 50591 51940 53900 55902 57592 59475 61208 62568 63983 65705 67524 69445 70816 72484 73916 75717 77298 78861 80576 82003 84033
1997 3505 5519 7179 9060 11051 12437 14190 16174 17864 19627 21217 23122 24934 26489 28062 29949 31804 33418 35058 36744 38604 40382 42025 43843 45189 46986 48941 50551 51925 53325 55316 57348 59130 61028 62854 64283 65752 67536 69413 71418 72878 74592 76104 77988 79622 81230 83005 84479 86578
2016 3624 5707 7445 9377 11446 12844 14626 16645 18350 20159 21827 23794 25607 27209 28794 30780 32667 34290 35949 37732 39625 41418 43088 44939 46302 48194 50234 51861 53249 54658 56675 58783 60647 62618 64484 65932 67434 69306 71226 73325 74805 76523 78064 80032 81695 83380 85243 86764 88928
2068 3683 5767 7561 9526 11597 13057 14936 16972 18685 20514 22238 24243 26071 27687 29283 31369 33344 35059 36815 38646 40575 42394 44130 46014 47426 49337 51405 53062 54511 56015 58049 60255 62183 64227 66094 67562 69078 70956 72950 75120 76619 78437 80037 82063 83752 85440 87370 88932 91122
2156 3830 6008 7819 9817 11928 13437 15336 17461 19244 21117 22917 24962 26829 28451 30073 32203 34248 36017 37870 39795 41738 43617 45417 47353 48804 50737 52899 54626 56138 57698 59747 61977 63952 66063 68006 69520 71132 73014 75076 77289 78818 80659 82318 84381 86142 87923 89896 91557 93761
2187 3942 6181 8033 10106 12268 13854 15762 17964 19788 21740 23616 25668 27571 29206 30858 33066 35166 36943 38798 40772 42806 44783 46595 48629 50180 52200 54453 56244 57839 59445 61588 63826 65839 67979 69938 71469 73128 75078 77181 79461 81030 82962 84682 86749 88516 90337 92366 94046 96303
2276 4035 6281 8224 10369 12622 14290 16265 18534 20402 22439 24390 26523 28481 30175 31902 34143 36285 38065 40012 42052 44115 46165 47981 50108 51707 53752 56028 57886 59536 61207 63383 65690 67714 69867 71919 73461 75170 77146 79314 81634 83237 85210 86995 89117 90901 92748 94798 96561 98899
2286 4055 6327 8289 10492 12796 14474 16450 18788 20662 22728 24703 26861 28876 30655 32416 34706 36892 38676 40688 42747 44844 46912 48751 50968 52642 54699 57029 58925 60654 62381 64639 67024 69147 71327 73461 75093 76894 78961 81212 83588 85211 87216 89048 91221 93064 94961 97040 98865 101207
2351 4142 6430 8475 10748 13122 14872 16927 19358 21272 23416 25442 27626 29729 31568 33365 35714 37935 39750 41770 43832 46024 48155 50014 52277 54011 56096 58502 60459 62232 63964 66307 68745 70907 73163 75348 77066 78884 80991 83302 85761 87441 89489 91365 93552 95410 97339 99442 101299 103645
2379 4245 6547 8644 10947 13342 15105 17219 19730 21713 23898 26004 28194 30352 32199 34050 36442 38724 40548 42626 44734 47004 49201 51129 53426 55173 57315 59744 61801 63625 65363 67755 70215 72472 74775 77016 78781 80699 82844 85175 87661 89401 91500 93459 95694 97572 99564 101729 103596 105944
2431 4367 6704 8827 11200 13664 15449 17570 20171 22216 24418 26597 28840 31052 32919 34814 37266 39558 41456 43597 45769 48117 50315 52256 54571 56367 58605 61122 63192 65115 66907 69331 71825 74123 76473 78742 80520 82480 84720 87086 89625 91393 93498 95472 97715 99678 101691 103873 105831 108260
2465 4474 6905 9036 11476 14002 15856 18006 20632 22773 25041 27222 29513 31809 33737 35690 38227 40612 42518 44694 46901 49318 51535 53560 55914 57711 60033 62558 64724 66661 68523 71023 73598 75930 78305 80635 82510 84542 86857 89271 91889 93677 95818 97873 100189 102167 104251 106449 108429 110891
2520 4613 7135 9313 11816 14349 16241 18426 21086 23313 25613 27820 30188 32580 34523 36549 39092 41566 43537 45779 48050 50479 52750 54791 57180 58982 61343 63943 66120 68075 69956 72457 75063 77417 79859 82277 84230 86349 88695 91200 93826 95704 97864 99978 102314 104309 106445 108647 110651 113153
2538 4708 7300 9568 12130 14726 16676 18888 21565 23831 26138 28437 30876 33313 35329 37417 40057 42547 44566 46896 49196 51692 54052 56116 58524 60416 62835 65529 67753 69730 71705 74232 76845 79258 81731 84193 86191 88389 90820 93411 96088 98064 100255 102428 104794 106834 109051 111279 113341 115929
2546 4814 7464 9735 12363 14989 16947 19253 21961 24301 26616 28923 31415 33876 35906 38000 40652 43147 45242 47651 49965 52463 54918 57050 59509 61484 63908 66648 68887 70896 72880 75443 78068 80550 83053 85520 87539 89834 92272 94886 97577 99647 101898 104156 106528 108649 110906 113147 115236 117878
2613 4972 7694 10004 12679 15402 17447 19796 22569 24913 27326 29732 32259 34762 36873 39026 41756 44337 46465 48915 51308 53816 56323 58538 61072 63074 65550 68345 70592 72636 74672 77264 79967 82471 85051 87558 89666 91991 94480 97141 99855 101995 104295 106628 109074 111218 113549 115808 117947 120682
2706 5099 7875 10273 13029 15812 17874 20241 23110 25542 27975 30414 32976 35489 37676 39893 42666 45325 47531 50045 52520 55054 57639 59881 62479 64507 67022 69884 72220 74335 76461 79146 81889 84489 87130 89692 91844 94180 96731 99453 102255 104442 106764 109189 111692 113838 116268 118541 120774 123586
2715 5142 7979 10438 13199 16018 18146 20579 23512 26043 28494 30945 33585 36101 38320 40592 43417 46097 48363 50972 53500 56108 58769 61018 63619 65655 68232 71159 73528 75742 77884 80572 83348 85989 88643 91220 93395 95783 98403 101182 103995 106230 108562 111008 113516 115730 118174 120504 122795 125693
Smoothed image is:
14 14 14 15 16 16 16 17 18 18 19 19 20 20 21 21 22 22 23 23 24 24 25 25 26 26 25 25 24 24 23 23 22 22 21 20 20 19 19 18 18 17 17 16 16 15 15 14 14 13 
14 14 15 16 16 17 17 18 18 19 19 20 20 21 22 22 23 23 24 24 25 25 26 26 27 27 26 26 25 25 24 24 23 22 22 21 21 20 20 19 19 18 17 17 16 16 15 15 14 13 
15 15 16 16 17 17 18 18 19 20 20 21 21 22 22 23 24 24 25 25 26 26 27 27 28 28 27 27 26 26 25 25 24 23 23 22 22 21 20 20 19 19 18 17 17 16 16 15 15 14 
15 16 16 17 17 18 18 19 20 20 21 22 22 23 23 24 24 25 26 26 27 27 28 28 29 29 28 28 27 26 26 25 25 24 23 23 22 22 21 21 20 19 19 18 17 17 16 16 15 15 
16 16 17 17 18 19 19 20 20 21 22 22 23 23 24 25 25 26 26 27 28 28 29 29 30 30 29 29 28 27 27 26 26 25 24 24 23 22 22 21 21 20 19 19 18 17 17 16 16 15 
16 17 17 18 19 19 20 20 21 22 23 23 24 24 25 26 26 27 27 28 29 29 30 30 31 31 30 30 29 28 28 27 26 26 25 24 24 23 22 22 21 21 20 19 19 18 17 17 16 15 
17 17 18 19 19 20 20 21 22 23 23 24 25 25 26 26 27 28 28 29 30 30 31 32 32 32 32 31 30 29 29 28 27 27 26 25 25 24 23 23 22 21 21 20 19 19 18 17 17 16 
17 18 18 19 20 20 21 22 23 23 24 25 25 26 27 27 28 29 29 30 31 31 32 33 33 33 33 32 31 30 30 29 28 28 27 26 26 25 24 23 23 22 21 21 20 19 19 18 17 17 
18 18 19 20 21 21 22 22 23 24 25 25 26 27 27 28 29 29 30 31 32 32 33 34 34 34 34 33 32 31 31 30 29 28 28 27 26 26 25 24 24 23 22 21 21 20 19 19 18 17 
18 19 20 20 21 22 22 23 24 25 25 26 27 27 28 29 30 30 31 32 32 33 34 35 35 35 35 34 33 32 31 31 30 29 29 28 27 26 26 25 24 24 23 22 21 21 20 19 19 18 
19 19 20 21 22 22 23 24 24 25 26 27 27 28 29 30 31 31 32 33 33 34 35 36 36 36 36 35 34 33 32 32 31 30 29 29 28 27 26 26 25 24 23 23 22 21 21 20 19 18 
19 20 21 21 22 23 23 24 25 26 27 28 28 29 30 30 31 32 33 33 34 35 36 36 37 37 36 36 35 34 33 33 32 31 30 29 29 28 27 26 26 25 24 23 23 22 21 20 20 19 
20 20 21 22 23 23 24 25 26 27 28 28 29 30 30 31 32 33 34 34 35 36 37 37 38 38 37 37 36 35 34 33 33 32 31 30 30 29 28 27 27 26 25 24 23 22 22 21 20 19 
20 21 22 23 23 24 25 26 27 27 28 29 30 30 31 32 33 34 35 35 36 37 38 38 39 39 38 38 37 36 35 34 34 33 32 31 30 29 29 28 27 26 25 25 24 23 22 21 21 20 
21 22 22 23 24 25 25 26 27 28 29 30 31 31 32 33 34 35 35 36 37 38 39 39 40 40 40 39 38 37 36 35 34 33 33 32 31 30 29 29 28 27 26 25 25 24 23 22 21 20 
21 22 23 24 25 25 26 27 28 29 30 31 31 32 33 34 35 35 36 37 38 39 40 40 41 41 40 40 39 38 37 36 35 34 34 33 32 31 30 29 29 28 27 26 25 24 23 23 22 21 
22 22 23 24 25 26 27 28 29 30 30 31 32 33 34 35 36 36 37 38 39 40 41 41 42 42 41 40 40 39 38 37 36 35 34 33 33 32 31 30 29 28 27 27 26 25 24 23 22 21 
22 23 24 25 26 26 27 28 29 30 31 32 33 34 35 35 37 37 38 39 40 41 41 42 43 43 42 41 41 40 39 38 37 36 35 34 33 32 31 31 30 29 28 27 26 25 25 24 23 22 
23 23 24 25 26 27 28 29 30 31 32 33 34 34 35 36 37 38 39 40 41 42 42 43 44 44 43 42 41 40 39 39 38 37 36 35 34 33 32 31 31 30 29 28 27 26 25 24 23 22 
23 24 25 26 27 28 29 30 31 32 33 34 34 35 36 37 38 39 40 41 42 43 43 44 45 45 44 43 42 41 40 40 39 38 37 36 35 34 33 32 31 30 29 28 28 27 26 25 24 23 
24 25 26 27 28 28 29 30 31 32 33 34 35 36 37 38 39 40 41 42 43 43 44 45 46 46 45 44 43 42 41 40 39 38 37 36 36 35 34 33 32 31 30 29 28 27 26 25 24 23 
24 25 26 27 28 29 30 31 32 33 34 35 36 37 38 39 40 41 42 43 44 44 45 46 47 47 46 45 44 43 42 41 40 39 38 37 36 35 34 34 33 32 31 30 29 28 27 26 25 24 
25 26 27 28 29 30 30 31 33 34 35 36 36 37 38 40 41 42 42 43 44 45 46 47 48 48 47 46 45 44 43 42 41 40 39 38 37 36 35 34 33 32 31 30 29 28 27 26 25 24 
25 26 27 28 29 30 31 32 33 34 35 36 37 38 39 40 42 42 43 44 45 46 47 48 49 49 48 47 46 45 44 43 42 41 40 39 38 37 36 35 34 33 32 31 30 29 28 27 26 25 
26 -1721 -2629 -2632 30 -2626 32 740281 27 35 36 1 -2625 39 40 41 43 43 44 44 47 47 48 -24380 155017 -454222 439511 -454877 439508 -454879 439506 -454881 439504 -454883 439502 -454885 439499 -454887 439497 -454889 439496 -452233 -527283 442049 -452236 442170 -454901 439488 -454898 439486 
26 27 28 29 30 31 32 33 34 35 36 37 38 39 40 41 42 43 44 45 46 47 48 49 50 50 49 48 47 46 45 44 43 42 41 40 39 38 37 36 35 34 33 32 31 30 28 27 26 25 
25 26 27 28 29 30 31 32 33 34 35 37 37 38 39 41 42 43 44 45 46 46 47 48 49 49 48 47 46 45 44 43 42 41 40 39 38 37 36 35 34 33 32 31 30 29 28 27 26 25 
25 26 27 28 29 30 31 32 33 34 35 36 37 38 39 40 41 42 43 44 45 45 46 47 48 48 47 46 45 44 43 42 41 40 39 38 37 36 35 34 33 32 31 30 29 28 27 26 25 24 
24 25 26 27 28 29 30 31 32 33 34 35 36 37 38 39 40 41 42 43 44 45 45 46 47 47 46 45 44 43 42 41 41 39 38 37 37 36 35 34 33 32 31 30 29 28 27 26 25 24 
24 25 26 27 28 29 29 30 31 32 33 34 35 36 37 38 39 40 41 42 43 44 45 45 46 46 45 44 43 42 41 41 40 39 38 37 36 35 34 33 32 31 30 29 28 27 26 25 24 23 
23 24 25 26 27 28 29 30 31 32 33 34 34 35 36 37 38 39 40 41 42 43 44 44 45 45 44 43 42 41 40 40 39 38 37 36 35 34 33 32 31 30 29 29 28 27 26 25 24 23 
23 23 24 25 26 27 28 29 30 31 32 33 34 34 35 36 37 38 39 40 41 42 43 43 44 44 43 42 41 40 39 39 38 37 36 35 34 33 32 32 31 30 29 28 27 26 25 24 23 22 
22 23 24 25 26 27 27 28 29 30 31 32 33 34 35 36 37 37 38 39 40 41 42 42 43 43 42 41 40 40 39 38 37 36 35 34 33 33 32 31 30 29 28 27 26 25 25 24 23 22 
22 22 23 24 25 26 27 27 28 29 30 31 32 33 34 35 36 36 37 38 39 40 41 41 42 42 41 40 39 38 38 37 36 35 34 33 33 32 31 30 29 28 27 27 26 25 24 23 22 21 
21 22 23 24 24 25 26 27 28 28 29 30 31 32 33 34 35 35 36 37 38 39 39 40 41 41 40 39 38 37 37 36 35 34 33 32 32 31 30 29 28 28 27 26 25 24 23 22 22 21 
21 21 22 23 24 25 25 26 27 28 29 30 30 31 32 33 34 35 35 36 37 38 38 39 40 40 39 38 37 37 36 35 34 33 32 32 31 30 29 28 28 27 26 25 24 23 23 22 21 20 
20 21 22 23 23 24 25 25 26 27 28 29 30 30 31 32 33 34 35 35 36 37 38 38 39 39 38 37 37 36 35 34 33 33 32 31 30 29 28 28 27 26 25 25 24 23 22 21 20 20 
20 20 21 22 23 23 24 25 26 26 27 28 29 30 30 31 32 33 34 34 35 36 37 37 38 38 37 36 35 35 34 33 32 32 31 30 29 28 28 27 26 25 25 24 23 22 21 21 20 19 
19 20 20 21 22 23 23 24 25 26 27 27 28 29 30 30 31 32 33 34 34 35 36 36 37 37 36 35 35 34 33 32 32 31 30 29 29 28 27 26 26 25 24 23 22 22 21 20 19 19 
19 19 20 21 21 22 23 24 24 25 26 27 27 28 29 30 30 31 32 33 33 34 35 35 36 36 35 34 34 33 32 31 31 30 29 28 28 27 26 26 25 24 23 23 22 21 20 19 19 18 
18 19 19 20 21 22 22 23 24 24 25 26 26 27 28 29 30 30 31 32 32 33 34 34 35 35 34 33 33 32 31 30 30 29 28 28 27 26 25 25 24 23 23 22 21 20 20 19 18 18 
17 18 19 19 20 21 21 22 23 23 24 25 25 26 27 28 28 29 30 30 31 32 32 33 34 34 33 32 31 31 30 29 29 28 27 27 26 25 25 24 23 23 22 21 20 20 19 18 18 17 
17 17 18 19 19 20 21 21 22 23 23 24 25 25 26 27 28 28 29 29 30 30 31 32 32 32 32 31 30 30 29 28 28 27 26 26 25 24 24 23 22 22 21 20 20 19 18 17 17 16 
16 17 18 18 19 20 20 21 21 22 23 23 24 25 25 26 27 27 28 29 29 30 30 31 31 32 31 30 30 29 28 28 27 26 26 25 24 24 23 22 22 21 20 20 19 18 18 17 16 16 
16 16 17 18 18 19 19 20 21 21 22 23 23 24 25 25 26 27 27 28 28 29 29 30 31 31 30 29 29 28 27 27 26 26 25 24 24 23 22 22 21 21 20 19 19 18 17 17 16 15 
15 16 16 17 18 18 19 19 20 21 21 22 23 23 24 24 25 26 26 27 27 28 29 29 30 30 29 28 28 27 26 26 25 25 24 24 23 22 22 21 21 20 19 19 18 17 17 16 16 15 
15 15 16 17 17 18 18 19 19 20 21 21 22 22 23 24 24 25 25 26 26 27 28 28 29 29 28 27 27 26 25 25 24 24 23 23 22 21 21 20 20 19 19 18 17 17 16 16 15 14 
14 15 15 16 16 17 17 18 19 19 20 20 21 21 22 23 23 24 24 25 25 26 27 27 27 28 27 26 26 25 25 24 24 23 22 22 21 21 20 20 19 18 18 17 17 16 16 15 14 14 
14 14 15 15 16 16 17 17 18 18 19 20 20 21 21 22 22 23 24 24 25 25 26 26 26 27 26 25 25 24 24 23 23 22 22 21 20 20 19 19 18 18 17 17 16 16 15 14 14 13 
13 13 14 15 15 16 16 17 17 18 18 19 19 20 20 21 21 22 22 23 23 24 24 25 25 25 25 24 24 23 23 22 22 21 21 20 20 19 19 18 18 17 16 16 15 15 14 14 13 13 
