Enter image dimensions:
Enter image:
Enter sliding window dimensions:
Integral image is:
446 720 924 1214 1314 1699 1973 2035 2187 2500 2682 2890 3251 3547 3590 3691 3718 4141 4462 4761 4893 5210 5508 5913 5959 5995 6003 6283 6505 6700 6814 7013 7074 7138 7487 7774 8244 8564 8793 8968 9446 9546 9815 9827 10272 10664 10840 11025 11123 11306
924 1345 1731 2364 2942 3396 3965 4292 4575 5217 5570 5910 6378 7109 7268 7514 7547 8280 8967 9581 9873 10656 11239 11860 12163 12572 12883 13214 13726 14149 14635 15033 15290 15454 15828 16334 16840 17224 17662 18175 19038 19521 19831 20205 21106 21845 22027 22493 22614 22833
1149 1813 2340 3068 4014 4911 5678 6435 6755 7622 8083 8756 9283 10126 10439 11012 11078 11883 12829 13616 14263 15296 16100 16942 17413 17873 18613 19225 19924 20743 21645 22096 22605 23066 23825 24605 25503 26073 26616 27579 28636 29122 29636 30019 31282 32134 32425 33375 33764 34194
1346 2098 2969 3760 4980 6343 7284 8273 8946 10002 10878 11640 12597 13565 14053 15105 15662 16634 17705 18902 19613 20854 21825 22791 23339 24269 25487 26492 27567 28552 29870 30588 31491 32222 33388 34413 35585 36613 37639 38661 39778 40550 41066 41898 43351 44503 45054 46415 47301 47974
1799 2897 4253 5246 6826 8614 9862 11033 11741 12802 13854 15053 16382 17490 18473 19648 20255 21454 22934 24523 25646 27007 28119 29179 30203 31306 32554 34019 35200 36351 38109 39208 40333 41372 42871 44266 45595 47035 48274 49341 50738 51745 52725 53758 55492 56845 57815 59487 60615 61689
2259 3381 4952 6173 8095 10337 11589 13054 13907 15344 16779 18087 19539 21115 22367 23742 24587 26119 27786 29865 31362 33014 34196 35266 36352 37936 39504 41430 42810 44426 46213 47415 49007 50088 52059 53654 55372 57120 58588 59713 61302 62488 63479 64909 66666 68365 69452 71393 72664 73758
2724 4042 5738 7138 9524 11863 13426 15292 16364 18049 19682 21221 22729 24573 25903 27724 28644 30236 32119 34414 36342 38016 39485 40960 42292 44167 46045 48278 50063 51894 53853 55535 57425 58684 60847 62548 64527 66463 68346 69477 71500 72795 73988 75722 77915 79768 81222 83287 84593 85690
2905 4330 6124 7744 10449 13137 15083 17409 18608 20300 22234 24265 25813 28030 29489 31634 32801 34839 36743 39311 41421 43367 45311 46957 48696 50610 52502 54835 56910 59163 61513 63251 65187 66454 68810 70541 72827 74906 76911 78504 80658 82039 83574 85522 87835 89788 91333 93777 95288 96462
2955 4829 6893 8810 11760 14790 16975 19551 20789 22899 24987 27310 29253 31675 33266 35496 36665 39117 41269 44095 46301 48664 51058 52907 54862 57158 59139 61858 64037 66510 69063 70809 73217 74822 77450 79285 82033 84390 86700 88576 90862 92481 94094 96250 98837 100891 102825 105340 106863 108494
3241 5583 7713 9961 13101 16218 18577 21636 22978 25517 27637 30304 32561 35226 37075 39656 41085 43733 46145 49002 51282 53851 56721 58858 60960 63651 65636 68647 71041 73829 76707 78940 81478 83224 86254 88380 91594 94169 96966 98886 101221 102934 104583 106748 109821 112175 114386 117401 119113 121121
3365 5925 8195 10876 14024 17606 20322 23874 25291 27959 30135 33154 35684 38745 40914 43844 45591 48345 50808 53924 56581 59551 62712 64998 67168 70254 72697 75936 78624 81810 85135 87858 90413 92228 95640 98238 101706 104317 107283 109238 111910 113841 115872 118240 121494 124288 126765 129917 131890 133961
3382 6293 8954 11916 15200 18946 21745 25577 27139 29815 32204 35354 38230 41711 44070 47240 49388 52506 55075 58287 61316 64294 67679 70372 72728 75943 78669 82315 85206 88609 92284 95224 97899 99840 103509 106553 110093 112980 116390 118840 121611 123784 125823 128426 131736 134834 137738 141013 143349 145503
3843 7154 10016 13429 17075 20830 23647 27949 29633 32575 35246 38517 41770 45743 48277 51846 54109 57630 60648 64154 67245 70460 74283 77198 79756 83081 86293 90076 93253 96995 101061 104267 107176 109185 112868 115970 119522 122605 126065 128991 131865 134209 136741 139735 143486 147072 150036 153803 156523 158695
3996 7530 10822 14549 18439 22617 25660 30033 31754 34973 37835 41518 45044 49030 52025 55737 58212 62189 65386 68925 72046 75525 79460 82595 85307 88673 92006 96271 99705 103944 108159 111677 114614 116929 120931 124146 127860 131340 135148 138519 141519 144118 146689 150143 154123 157931 161356 165588 168414 170621
4418 8106 11519 15605 19869 24353 27446 32123 33956 37467 40811 44877 48423 52411 55568 59475 62220 66636 70278 74203 77694 81271 85212 88800 91933 95551 99274 103990 107566 112177 116779 120470 123846 126355 130393 133687 137826 141745 145931 149338 152808 155879 158610 162065 166521 170520 174394 178974 181923 184214
4668 8759 12615 17117 21453 26355 29871 34874 37021 40582 44333 48447 52022 56423 59972 64325 67318 71881 75836 80097 83718 87543 91953 95763 98981 102706 106733 111609 115597 120612 125400 129317 132862 135804 140044 143711 148126 152174 156433 160302 163818 166956 169913 173623 178522 182659 187007 191646 195032 197766
4710 9115 12999 17604 22243 27353 31149 36201 38801 42856 47067 51223 55228 59939 63563 68272 71280 76051 80283 85029 88745 92956 97527 101780 105231 109227 113640 118784 123165 128487 133775 138052 141785 144802 149133 152926 157570 162074 166601 170581 174369 177826 180921 184999 190393 194747 199194 204241 207740 210561
4796 9651 14005 19083 23850 29345 33301 38817 41590 45719 50063 54577 58892 63755 67832 73009 76384 81585 86092 91125 94996 99222 104246 108848 112322 116789 121357 126847 131678 137383 142925 147642 151512 154660 159306 163356 168007 172858 177699 181818 185924 189430 192861 197354 203122 207609 212443 217699 221532 224721
5255 10374 15011 20537 25355 31014 35339 41344 44376 48556 52964 57785 62218 67287 71454 76854 80567 85790 90446 95964 100194 104860 110201 115168 118695 123194 127853 133814 138804 144622 150334 155442 159756 163365 168335 172569 177461 182678 187902 192441 196815 200572 204320 209222 215303 220098 225041 230676 234823 238131
5719 11186 16047 21810 26823 32817 37636 43798 46956 51292 56166 61375 65977 71072 75625 81095 85180 90499 95578 101122 105830 110737 116334 121516 125515 130511 135308 141362 146626 152914 158648 164209 168572 172286 177679 182391 187698 193070 198425 203090 207961 211740 215956 221327 227662 232688 237691 243757 248404 252080
5743 11588 16462 22282 27433 33517 38747 45398 48825 53201 58375 63751 68761 74186 78843 84714 88852 94601 100068 106072 111191 116173 121845 127189 131346 136724 141737 147879 153362 160087 166321 172097 176801 181004 186611 191691 197264 202782 208412 213093 218180 222415 226972 232511 239155 244355 249381 255525 260393 264411
5934 11916 16947 22841 28142 34279 40008 46984 50788 55184 60718 66323 71358 76948 81728 87983 92131 97933 103724 110117 115560 120831 126935 132437 136648 142473 147744 154283 159979 166921 173315 179373 184469 188679 194572 199842 205451 211029 217041 222026 227564 232151 236824 242519 249570 254793 260155 266308 271204 275523
6213 12418 17519 23803 29299 35453 41456 48704 52683 57161 62885 68534 73702 79329 84430 90838 95262 101182 107069 113694 119523 125043 131642 137629 142284 148164 153719 160665 166642 174070 180471 186801 192041 196629 202832 208347 214269 220326 226453 231601 237592 242555 247339 253125 260443 265993 271801 278312 283264 287758
6307 12928 18459 25148 30901 37490 43503 50800 54992 59599 65456 71124 76487 82202 87334 94226 98796 104935 111086 118193 124491 130453 137292 143645 148694 154705 160711 167980 174132 182059 188867 195275 200878 205680 211951 217755 223954 230362 236569 241858 248230 253337 258428 264626 271966 277738 283748 290427 295818 300463
6622 13481 19462 26635 32762 39472 45848 53422 57894 62757 68977 74961 80736 86760 92380 99743 104526 111017 117352 124711 131086 137486 144369 151029 156430 162619 168923 176196 182507 190774 198044 204509 210229 215153 221634 227771 234104 240589 246999 252785 259256 264391 269635 275880 283442 289699 295779 302608 308151 313028
7122 14446 20497 27812 34186 40938 47767 55621 60471 65791 72174 78298 84366 90784 96423 103940 109016 115649 122202 129811 136522 143158 150115 156868 162535 168804 175342 182940 189578 197935 205378 212165 218274 223634 230602 236891 243604 250437 257074 263313 270041 275183 280801 287267 294973 301269 307622 314883 320577 325642
7581 15031 21572 29222 36013 43079 50158 58320 63181 68883 75517 81814 87926 94638 100389 108057 113525 120166 126802 134556 141287 148315 155323 162304 168006 174532 181360 189408 196354 204738 212386 219503 226086 231771 239148 245877 253076 260392 267299 273608 280835 286144 292114 299009 306941 313664 320103 327653 333828 338950
7781 15526 22308 30149 37215 44738 52033 60481 65836 71774 78588 85192 91685 98708 104661 112510 118377 125414 132433 140533 147752 154917 161947 169069 175070 181999 189141 197191 204619 213419 221226 228781 235660 241835 249472 256678 264275 271818 278873 285332 292989 298318 304550 311797 320196 327131 333579 341392 348015 353166
7854 16024 23299 31399 38491 46102 53645 62320 68088 74461 81660 88637 95450 102585 108587 116709 122660 129974 137442 145914 153609 160785 168301 175785 182209 189144 196309 204698 212534 221645 229586 237233 244611 251230 258993 266692 274307 282170 289237 295784 303547 309234 315521 323049 331800 339157 345790 353907 360914 366205
8302 16786 24099 32429 39582 47633 55392 64406 70303 76822 84349 91593 98459 105620 111839 120372 126550 133967 141445 149979 157943 165380 173100 180848 187637 194639 202252 210939 219038 228271 236550 244424 252248 258895 267007 274840 282702 290752 297882 304547 312775 318638 324969 332810 341675 349155 356114 364507 371534 376898
8617 17355 25077 33522 41039 49135 56999 66398 72627 79452 87290 94668 101593 108776 115081 123799 130063 137694 145490 154119 162181 170081 178120 186053 192925 200075 207930 216881 225192 234804 243480 251792 259818 266506 274841 282754 290783 299039 306356 313305 321793 327884 334413 342680 351738 359603 366656 375238 382596 387973
8765 17587 25548 34141 41853 50367 58359 68189 74664 81513 89707 97175 104163 111831 118295 127346 133964 141778 149616 158267 166819 175075 183449 191521 198888 206368 214383 223647 232298 242062 251002 259320 267464 274490 282842 290985 299468 308196 315534 322530 331132 337477 344486 352774 362272 370239 377506 386480 393915 399489
9181 18108 26555 35221 43052 51775 60011 70101 76774 83913 92525 100464 107827 115646 122241 131440 138537 146400 154581 163480 172115 180776 189522 197660 205479 213344 221550 231069 239996 249838 259262 267683 276065 283230 291995 300621 309538 318725 326523 333971 342822 349464 356904 365448 375440 383491 390793 400102 407597 413422
9340 18660 27238 36224 44228 53199 61846 72190 79025 86383 95341 103658 111378 119308 126112 135595 142828 151090 159771 168726 177695 186409 195276 203708 211789 219671 228132 237724 246950 257153 266914 275403 284051 291451 300542 309479 318582 328236 336250 344070 353410 360270 368016 376825 386905 395046 402589 412346 420115 426020
9739 19428 28195 37606 45812 55054 63998 74770 81887 89448 98776 107565 115480 123561 130651 140422 147851 156316 165391 174827 183931 193024 202079 210704 219155 227244 235886 245622 255087 265739 275997 284596 293487 301294 310870 320118 329323 338982 347037 355262 364848 371946 379706 388893 399119 407481 415149 425286 433217 439605
9977 19814 28997 38854 47258 56578 65756 76652 83782 91773 101169 110296 118705 126839 133993 144129 151802 160573 169776 179328 188715 198035 207371 216188 224838 232979 241664 251472 261161 272154 282452 291406 300586 308885 318761 328420 337865 347946 356379 364885 374943 382472 390646 399917 410518 419229 427272 437642 445789 452350
9998 20037 29521 39753 48324 57757 67221 78300 85513 93975 103672 112913 121508 129707 137173 147752 155838 164625 173896 183857 193583 203323 213038 222195 230877 239196 248337 258513 268266 279426 290061 299058 308280 316701 326792 336597 346411 356803 365410 374177 384720 392450 400652 410332 421143 430004 438398 448879 457154 463856
10347 20435 30277 40832 49652 59086 68640 79786 87363 96314 106151 115862 124884 133327 141245 151848 160089 169242 178877 188895 198666 208759 218898 228225 237046 245425 254814 265459 275425 286595 297525 306642 316328 325059 335644 345854 356066 366660 375606 384552 395342 403557 411817 421514 432760 441845 450358 460900 469465 476444
10617 20982 31058 41947 50827 60339 70016 81514 89281 98561 108580 118513 128019 136833 144796 155888 164285 173565 183595 193717 203632 214171 224626 234201 243425 251990 261444 272522 282849 294424 305420 314895 324685 333644 344549 355238 365666 376378 385533 394816 405650 414107 422531 432287 443834 453220 462203 473242 481872 488893
10810 21616 31699 42789 52038 62017 72192 83870 91974 101480 111638 122064 131895 140980 149266 160375 169000 178662 188966 199302 209519 220202 231082 241071 250329 259183 268799 280157 290839 302736 314227 323976 333850 342992 353974 364798 375445 386436 395932 405636 416886 425523 434088 444057 455906 465510 474525 485896 494937 502244
10972 21977 32133 43550 52850 62986 73439 85392 93691 103386 113899 124691 134646 143879 152293 163748 172418 182121 192878 203676 214133 225054 236354 246716 256080 265287 275121 286765 297449 309840 321446 331320 341251 350410 361593 372815 383801 394854 404424 414472 426136 434997 443891 454301 466402 476143 485524 497375 506912 514271
11142 22622 33027 44665 54089 64276 74738 86708 95074 105233 116069 127160 137305 146568 155175 166717 175483 185498 196529 207777 218306 229588 241228 252068 261908 271367 281232 292933 304026 316533 328626 338520 348855 358404 369616 381120 392108 403166 412749 423099 434824 444071 453224 464043 476152 485989 495548 507890 517566 525159
11347 22890 33758 45503 55156 65792 76360 88332 97069 107265 118498 129664 140020 149737 158507 170530 179346 189607 200729 212471 223407 234820 246859 257976 268275 277976 287990 300144 311558 324448 336583 346748 357269 367190 378481 390215 401383 412911 422678 433427 445504 455174 464699 475645 488040 498345 508011 520483 530587 538533
11390 23060 34425 46297 56022 66864 77877 90147 98951 109284 120819 132464 143233 153136 162161 174494 183756 194236 205669 217854 229121 240948 253242 264811 275227 285086 295184 307783 319277 332363 344844 355198 365799 376048 387500 399382 410943 422874 432924 443939 456390 466382 475953 487172 499746 510535 520361 533271 543657 551976
11878 23853 35673 47591 57319 68469 79489 91795 100938 111316 122878 134745 145987 155979 165346 178118 187873 198479 210066 222383 233864 246143 258571 270521 281419 291421 301641 314339 325837 339383 352285 362718 373446 383748 395591 407909 419731 432093 442564 453794 466708 476914 486915 498463 511446 522483 532442 545595 556340 564865
12049 24507 36709 48863 58942 70427 81917 94244 103811 114350 125978 138007 149367 159519 169249 182161 192089 202930 214575 227300 239227 251691 264169 276440 287429 297541 308112 320934 332534 346548 359655 370449 381297 392027 404156 416768 428645 441206 451982 463660 476716 487368 497667 509237 522525 533909 544142 557463 568664 577190
12181 24689 37164 49707 60093 71658 83490 95886 105533 116237 128282 140531 151947 162309 172457 185595 195894 207092 218934 232139 244494 257169 269791 282510 293684 303917 314557 327392 339380 353545 366924 378129 389325 400325 412626 425263 437264 450204 461199 473229 486363 497196 507583 519590 532903 544407 555119 568496 580018 588931
12680 25450 38232 50869 61435 73499 85580 98223 108319 119176 131641 144116 156002 166570 176867 190139 200840 212506 224752 238091 250658 263624 276663 289800 301423 311712 322688 335888 348003 362406 375965 387389 398691 409859 422227 434872 446957 459940 471286 483569 496898 508073 518836 531007 544719 556346 567295 580847 592772 601698
12762 25820 38760 51626 62447 74617 86749 99514 109882 120884 133729 146377 158478 169068 179500 193203 203987 215855 228239 241875 254616 267997 281350 294683 306444 317166 328427 341873 354487 369281 383125 394955 406347 417610 430156 442821 455025 468019 479571 492062 505434 517003 528078 540553 554346 566442 577800 591453 603658 612835
12898 25980 39322 52395 63712 76093 88301 101075 111758 122837 136095 148924 161341 172218 183077 196883 207969 220272 233128 247164 260277 273695 287393 301039 312933 323985 335741 349299 362400 377410 391406 403672 415191 426580 439317 452435 465031 478358 490265 503086 516840 528511 539703 552642 566913 579066 590618 604535 616959 626407
Smoothed image is:
446 274 204 290 100 385 274 62 152 313 182 208 361 296 43 101 27 423 321 299 132 317 298 405 46 36 8 280 222 195 114 199 61 64 349 287 470 320 229 175 478 100 269 12 445 392 176 185 98 183
478 147 182 343 478 69 295 265 131 329 171 132 107 435 116 145 6 310 366 315 160 466 285 216 257 373 303 51 290 228 372 199 196 100 25 219 36 64 209 338 385 383 41 362 456 347 6 281 23 36
225 243 141 95 368 443 198 430 37 225 108 333 59 112 154 327 33 72 259 173 355 250 221 221 168 51 429 281 187 396 416 53 252 297 385 274 392 186 105 450 194 3 204 9 362 113 109 484 268 211
197 88 344 63 274 466 174 232 353 189 415 89 430 125 175 479 491 167 125 410 64 208 167 124 77 470 478 393 376 166 416 267 394 270 407 245 274 458 483 59 60 286 2 449 190 300 260 411 497 243
453 346 485 202 360 425 307 182 35 5 176 437 372 140 495 123 50 227 409 392 412 120 141 94 476 173 30 460 106 166 440 381 222 308 333 370 157 412 213 45 280 235 464 201 281 201 419 311 242 401
460 24 215 228 342 454 4 294 145 376 383 109 123 468 269 200 238 333 187 490 374 291 70 10 62 481 320 461 199 465 29 103 467 42 472 200 389 308 229 58 192 179 11 397 23 346 117 269 143 20
465 196 125 179 464 97 311 401 219 248 198 231 56 268 78 446 75 60 216 216 431 22 287 405 246 291 310 307 405 215 172 480 298 178 192 106 261 188 415 6 434 109 202 304 436 154 367 124 35 3
181 107 98 220 319 349 383 460 127 7 301 492 40 373 129 324 247 446 21 273 182 272 475 171 407 39 14 100 290 422 391 56 46 8 193 30 307 143 122 462 131 86 342 214 120 100 91 379 205 77
50 449 270 297 245 342 239 250 39 418 154 292 395 205 132 85 2 414 248 258 96 417 450 203 216 382 89 386 104 220 203 8 472 338 272 104 462 278 305 283 132 238 78 208 274 101 389 71 12 457
286 468 66 331 190 87 174 483 104 429 32 344 314 243 258 351 260 196 260 31 74 206 476 288 147 395 4 292 215 315 325 487 130 141 402 291 466 218 487 44 49 94 36 9 486 300 277 500 189 377
124 218 140 433 8 465 357 493 75 129 56 352 273 396 320 349 318 106 51 259 377 401 291 149 68 395 458 228 294 398 447 490 17 69 382 472 254 36 169 35 337 218 382 203 181 440 266 137 261 63
17 351 391 281 136 164 83 280 145 8 213 131 346 420 190 240 401 364 106 96 372 8 224 407 186 129 283 407 203 217 350 217 120 126 257 446 72 276 444 495 99 242 8 235 56 304 427 123 363 83
461 400 201 451 362 9 18 470 122 266 282 121 377 492 175 399 115 403 449 294 62 237 438 222 202 110 486 137 286 339 391 266 234 68 14 58 12 196 50 476 103 171 493 391 441 488 60 492 384 18
153 223 430 314 244 423 226 71 37 277 191 412 273 13 461 143 212 456 179 33 30 264 112 220 154 41 121 482 257 497 149 312 28 306 319 113 162 397 348 445 126 255 39 460 229 222 461 465 106 35
422 154 121 359 374 306 50 304 112 292 482 383 20 2 162 195 270 439 445 386 370 98 6 453 421 252 390 451 142 372 387 173 439 194 36 79 425 439 378 36 470 472 160 1 476 191 449 348 123 84
250 403 443 416 72 418 423 326 314 50 407 48 29 413 392 446 248 147 313 336 130 248 469 222 85 107 304 160 412 404 186 226 169 433 202 373 276 129 73 462 46 67 226 255 443 138 474 59 437 443
42 314 28 103 303 208 280 49 453 494 460 42 430 310 75 356 15 208 277 485 95 386 161 443 233 271 386 268 393 307 500 360 188 75 91 126 229 456 268 111 272 319 138 368 495 217 99 408 113 87
86 450 470 473 128 385 160 464 173 74 133 358 310 152 453 468 367 430 275 287 155 15 453 349 23 471 155 346 450 383 254 440 137 131 315 257 7 347 314 139 318 49 336 415 374 133 387 209 334 368
459 264 283 448 51 164 369 489 259 51 64 307 118 206 90 223 338 22 149 485 359 440 317 365 53 32 91 471 159 113 170 391 444 461 324 184 241 366 383 420 268 251 317 409 313 308 109 379 314 119
464 348 224 237 195 335 494 157 126 156 466 388 169 26 386 70 372 96 423 26 478 241 256 215 472 497 138 93 274 470 22 453 49 105 423 478 415 155 131 126 497 22 468 469 254 231 60 431 500 368
24 378 13 57 138 90 411 489 269 40 300 167 408 330 104 401 53 430 388 460 411 75 75 162 158 382 216 88 219 437 500 215 341 489 214 368 266 146 275 16 216 456 341 168 309 174 23 78 221 342
191 137 157 74 150 53 499 325 377 20 360 229 25 165 123 384 10 53 324 389 324 289 432 158 54 447 258 397 213 217 160 282 392 7 286 190 36 60 382 304 451 352 116 156 407 23 336 9 28 301
279 223 70 390 195 17 274 272 175 82 190 44 133 37 321 153 276 118 96 232 386 249 495 485 444 55 284 407 281 486 7 272 144 378 310 245 313 479 115 163 453 376 111 91 267 327 446 358 56 175
94 416 430 405 257 435 10 49 213 129 133 19 195 88 31 484 146 219 264 482 469 442 240 366 394 131 451 323 175 499 407 78 363 214 68 289 277 351 80 141 381 144 307 412 22 222 202 168 439 151
315 238 450 484 374 121 363 277 280 256 363 316 412 309 488 471 213 352 184 252 77 438 44 307 352 178 298 4 159 340 462 57 117 122 210 333 134 77 203 497 99 28 153 47 222 485 70 150 152 232
500 465 70 142 247 42 453 280 378 457 163 140 293 394 19 154 293 142 218 250 336 236 74 93 266 80 234 325 327 90 173 322 389 436 487 152 380 348 227 453 257 7 374 221 144 39 273 432 151 188
459 126 490 335 417 314 250 308 11 382 251 173 44 294 112 151 392 8 83 145 20 392 51 228 35 257 290 450 308 27 205 330 474 325 409 440 486 483 270 70 499 167 352 429 226 427 86 289 481 57
200 295 241 191 275 457 216 286 494 236 180 307 381 311 202 181 399 396 383 346 488 137 22 141 299 403 314 2 482 416 159 438 296 490 260 477 398 227 148 150 430 20 262 352 467 212 9 263 448 29
73 425 493 259 26 88 248 227 413 435 385 373 320 112 49 273 84 277 449 372 476 11 486 362 423 6 23 339 408 311 134 92 499 444 126 493 18 320 12 88 106 358 55 281 352 422 185 304 384 140
448 314 38 230 61 440 216 339 129 146 328 267 53 26 217 411 227 103 10 62 269 261 204 264 365 67 448 298 263 122 338 227 446 28 349 134 247 187 63 118 465 176 44 313 114 123 326 276 20 73
315 254 409 115 364 45 105 385 332 306 311 134 59 22 86 185 86 214 318 95 98 463 319 185 83 148 242 264 212 379 397 438 202 41 223 80 167 206 187 284 260 228 198 426 193 385 94 189 331 13
148 84 239 148 195 418 128 431 246 24 356 90 63 485 159 333 354 183 42 22 490 356 335 139 495 330 160 313 340 152 264 6 118 338 17 230 454 472 21 47 114 254 480 21 440 102 214 392 77 197
416 105 486 73 119 209 244 260 198 290 418 471 375 151 131 148 479 49 343 248 83 405 372 66 452 385 191 255 276 78 484 103 238 139 413 483 434 459 460 452 249 297 431 256 494 84 35 335 60 251
159 393 131 320 173 248 411 254 162 219 346 378 357 111 209 284 136 399 500 56 334 53 121 294 262 17 255 73 299 361 337 68 266 235 326 311 186 467 216 372 489 218 306 265 88 90 241 448 274 80
399 369 189 425 202 271 297 428 282 203 370 472 195 151 286 288 196 203 394 481 135 379 188 193 370 207 181 144 239 449 497 110 243 407 485 311 102 5 41 405 246 238 14 378 146 221 125 380 162 483
238 148 416 446 198 78 234 124 13 430 68 338 494 53 64 365 244 306 128 116 283 227 281 192 199 52 43 72 224 341 40 355 289 492 300 411 240 422 378 281 472 431 414 84 375 349 375 233 216 173
21 202 301 375 167 113 286 183 83 471 301 114 186 65 312 443 413 16 68 409 339 420 379 340 32 178 456 368 64 167 337 43 42 122 215 146 369 311 174 261 485 201 28 409 210 150 351 111 128 141
349 49 358 323 249 1 90 67 364 489 140 470 427 244 452 24 155 366 364 57 45 353 424 170 139 60 248 469 213 10 295 120 464 310 494 405 398 202 339 179 247 485 58 17 435 224 119 61 290 277
270 277 234 334 60 78 123 352 190 329 182 222 484 371 45 489 156 127 395 104 144 446 316 248 403 186 65 433 361 405 66 358 104 228 320 479 216 118 209 337 44 242 164 59 301 301 470 497 65 42
193 441 7 201 369 467 498 180 337 226 139 493 325 271 323 17 228 382 274 214 302 144 425 414 34 289 162 280 355 322 495 274 84 183 77 135 219 279 341 421 416 180 141 213 302 218 32 332 411 286
162 199 73 327 51 157 278 275 195 189 355 366 124 148 128 346 45 41 453 462 240 238 420 373 106 353 218 286 2 494 115 125 57 17 201 398 339 62 74 344 414 224 329 441 252 137 366 480 496 52
170 475 249 221 124 51 9 17 67 464 323 299 190 30 193 87 96 312 274 450 72 361 340 478 476 252 31 57 409 116 487 20 404 390 29 282 2 5 13 302 61 386 259 409 8 96 178 491 139 234
205 63 463 107 229 449 106 2 371 37 397 75 211 454 163 481 50 246 91 494 407 131 399 277 459 242 149 453 321 383 42 271 186 372 79 230 180 470 184 399 352 423 372 127 286 468 107 130 428 353
43 127 497 127 72 206 445 298 67 137 302 479 413 186 255 310 446 219 311 443 331 414 255 452 117 158 84 445 80 196 346 189 80 328 161 148 393 403 283 266 374 322 46 273 179 484 160 438 282 373
488 305 455 46 3 308 7 36 339 45 27 222 473 89 342 439 493 126 154 132 214 452 134 381 482 143 122 99 4 460 421 79 127 53 391 436 261 431 421 215 463 214 430 329 409 248 133 243 359 206
171 483 382 236 351 335 470 21 424 161 66 162 118 160 363 140 173 235 58 408 446 185 50 321 91 110 351 124 102 468 205 361 120 428 286 294 55 199 305 448 142 446 298 22 305 347 274 168 456 1
132 50 273 389 307 80 342 69 80 165 417 220 56 210 418 226 371 357 197 480 428 211 144 448 185 121 69 13 388 151 272 411 348 270 172 25 124 379 219 352 78 181 88 437 25 120 479 56 321 387
499 262 307 94 180 499 249 247 449 153 420 226 470 206 149 134 402 468 404 134 212 291 417 418 449 56 336 365 127 238 180 219 106 168 67 8 84 43 351 253 195 342 376 164 399 123 237 175 403 13
82 288 158 229 255 106 51 122 272 145 380 173 215 22 135 431 83 202 138 297 174 415 314 196 138 433 285 246 499 391 285 406 90 95 178 20 119 11 206 208 43 394 312 304 81 469 409 101 280 251
136 24 402 207 496 211 76 9 315 77 413 181 316 287 427 103 302 435 472 400 372 37 345 313 133 330 495 112 487 216 152 436 127 126 191 453 392 333 355 330 382 102 117 464 478 57 194 264 219 271
